object Form1: TForm1
  Left = 0
  Top = 0
  Caption = #144
  ClientHeight = 649
  ClientWidth = 453
  FormFactor.Width = 320
  FormFactor.Height = 480
  FormFactor.Devices = [Desktop]
  DesignerMasterStyle = 0
  object CodeValueLabel: TLabel
    Align = Top
    Margins.Left = 4.000000000000000000
    Margins.Top = 4.000000000000000000
    Margins.Right = 4.000000000000000000
    Margins.Bottom = 4.000000000000000000
    Position.X = 4.000000000000000000
    Position.Y = 4.000000000000000000
    Size.Width = 445.000000000000000000
    Size.Height = 17.000000000000000000
    Size.PlatformDefault = False
    Text = 'Code Value'
    TabOrder = 3
  end
  object CodeValueEdit: TEdit
    Touch.InteractiveGestures = [LongTap, DoubleTap]
    Align = Top
    TabOrder = 4
    Position.X = 4.000000000000000000
    Position.Y = 25.000000000000000000
    Margins.Left = 4.000000000000000000
    Margins.Right = 4.000000000000000000
    Size.Width = 445.000000000000000000
    Size.Height = 28.000000000000000000
    Size.PlatformDefault = False
  end
  object Memo: TMemo
    Touch.InteractiveGestures = [Pan, LongTap, DoubleTap]
    DataDetectorTypes = []
    Align = Client
    Margins.Left = 4.000000000000000000
    Margins.Top = 4.000000000000000000
    Margins.Right = 4.000000000000000000
    Margins.Bottom = 4.000000000000000000
    Size.Width = 445.000000000000000000
    Size.Height = 535.000000000000000000
    Size.PlatformDefault = False
    TabOrder = 6
    Viewport.Width = 441.000000000000000000
    Viewport.Height = 531.000000000000000000
  end
  object LabelTypeLabel: TLabel
    Align = Top
    Margins.Left = 4.000000000000000000
    Margins.Top = 4.000000000000000000
    Margins.Right = 4.000000000000000000
    Margins.Bottom = 4.000000000000000000
    Position.X = 4.000000000000000000
    Position.Y = 57.000000000000000000
    Size.Width = 445.000000000000000000
    Size.Height = 17.000000000000000000
    Size.PlatformDefault = False
    Text = 'Label Type'
    TabOrder = 1
  end
  object LabelTypeEdit: TEdit
    Touch.InteractiveGestures = [LongTap, DoubleTap]
    Align = Top
    TabOrder = 2
    Position.X = 4.000000000000000000
    Position.Y = 78.000000000000000000
    Margins.Left = 4.000000000000000000
    Margins.Right = 4.000000000000000000
    Size.Width = 445.000000000000000000
    Size.Height = 28.000000000000000000
    Size.PlatformDefault = False
  end
end
