object frmMain: TfrmMain
  Left = 0
  Top = 0
  Caption = 'Form1'
  ClientHeight = 480
  ClientWidth = 322
  FormFactor.Width = 320
  FormFactor.Height = 480
  FormFactor.Devices = [Desktop]
  DesignerMasterStyle = 0
  object MessagesMemo: TMemo
    Touch.InteractiveGestures = [Pan, LongTap, DoubleTap]
    DataDetectorTypes = []
    Align = Top
    Margins.Left = 4.000000000000000000
    Margins.Top = 4.000000000000000000
    Margins.Right = 4.000000000000000000
    Margins.Bottom = 4.000000000000000000
    Position.X = 4.000000000000000000
    Position.Y = 4.000000000000000000
    Size.Width = 314.000000000000000000
    Size.Height = 117.000000000000000000
    Size.PlatformDefault = False
    TabOrder = 0
    Viewport.Width = 310.000000000000000000
    Viewport.Height = 113.000000000000000000
  end
  object VertScrollBox: TVertScrollBox
    Align = Client
    Margins.Left = 4.000000000000000000
    Margins.Right = 4.000000000000000000
    Margins.Bottom = 4.000000000000000000
    Size.Width = 314.000000000000000000
    Size.Height = 351.000000000000000000
    Size.PlatformDefault = False
    TabOrder = 1
    Viewport.Width = 314.000000000000000000
    Viewport.Height = 351.000000000000000000
  end
end
