object frmMain: TfrmMain
  Left = 0
  Top = 0
  Caption = 'Form1'
  ClientHeight = 556
  ClientWidth = 454
  FormFactor.Width = 320
  FormFactor.Height = 480
  FormFactor.Devices = [Desktop]
  DesignerMasterStyle = 0
  object Memo: TMemo
    Touch.InteractiveGestures = [Pan, LongTap, DoubleTap]
    DataDetectorTypes = []
    Align = Top
    Margins.Left = 4.000000000000000000
    Margins.Top = 4.000000000000000000
    Margins.Right = 4.000000000000000000
    Margins.Bottom = 4.000000000000000000
    Position.X = 4.000000000000000000
    Position.Y = 4.000000000000000000
    Size.Width = 446.000000000000000000
    Size.Height = 289.000000000000000000
    Size.PlatformDefault = False
    TabOrder = 1
    Viewport.Width = 442.000000000000000000
    Viewport.Height = 285.000000000000000000
  end
end
