object Form1: TForm1
  Left = 0
  Top = 0
  Caption = 'Form1'
  ClientHeight = 680
  ClientWidth = 479
  FormFactor.Width = 320
  FormFactor.Height = 480
  FormFactor.Devices = [Desktop]
  DesignerMasterStyle = 0
  object OpenButton: TButton
    Align = Top
    Margins.Left = 4.000000000000000000
    Margins.Top = 4.000000000000000000
    Margins.Right = 4.000000000000000000
    Position.X = 4.000000000000000000
    Position.Y = 4.000000000000000000
    Size.Width = 471.000000000000000000
    Size.Height = 36.000000000000000000
    Size.PlatformDefault = False
    TabOrder = 0
    Text = 'Open'
    OnClick = OpenButtonClick
  end
end
